178
180
182
184
186
188
190
192
194
196
198
200
202
204
206
208
210
212
214
216
218
220
222
224
226
228
230
232
234
236
238
240
242
244
246
248
250
252
254
256
258
260
262
264
266
268
270
272
274
276
278
280
282
284
286
288
290
292
294
296
298
300
302
304
306
308
310
312
314
316
318
320
322
324
326
328
330
332
334
336
338
340
342
344
346
348
350
352
354
356
358
360
362
364
366
368
370
372
374
376
378
380
382
384
386
388
812
816
820
824
828
832
836
840
844
848
852
856
860
864
868
872
876
880
884
888
892
896
900
904
908
912
916
920
924
928
932
936
940
944
948
952
956
960
964
968
972
976
980
984
988
992
996
1000
1004
1008
1012
1016
1020
1024
1028
1032
1036
1040
1044
1048
1052
1056
1060
1064
1068
1072
1076
1080
1084
1088
1092
1096
1100
1104
1108
1112
1116
1120
1124
1128
1132
1136
1140
1144
1148
1152
1156
1160
1164
1168
1172
1176
1180
1184
1188
1192
1196
1200
1204
1208
1212
1216
1220
1224
1228
1232
1236
1240
1244
1248
1252
1256
1260
1264
1268
1272
1276
1280
1284
1288
1292
1296
1300
1304
1308
1312
1316
1320
1324
1328
1332
1336
1340
1344
1348
1352
1356
1360
1364
1368
1372
1376
1380
1384
1388
1392
1396
1400
1404
1408
1412
1416
1420
1424
1428
1432
1436
1440
1444
1448
1452
1456
1460
1464
1468
1472
1476
1480
1484
1488
1492
1496
1500
1504
1508
1512
1516
1520
1524
1528
1532
1536
1540
1544
1548
1552
1556
1560
1564
1568
1572
1576
1580
1584
1588
1592
1596
1600
1604
1608
1612
1616
1620
1624
1628
1632
1636
1640
1644
1648
1652
1656
1660
1664
1668
1672
1676
1680
1684
1688
1692
1696
1700
1704
1708
1712
1716
1720
1724
1728
1732
1736
1740
1744
1748
1752
1756
1760
1764
1768
1772
1776
1780
6666
